0.00000000	0.50000000
0.00100000	0.46887710
0.00200000	0.45627814
0.00300000	0.44672662
0.00400000	0.43875245
0.00500000	0.43178620
0.00600000	0.42553585
0.00700000	0.41982789
0.00800000	0.41454931
0.00900000	0.40962159
0.01000000	0.40498756
0.01100000	0.40060407
0.01200000	0.39643760
0.01300000	0.39246147
0.01400000	0.38865407
0.01500000	0.38499760
0.01600000	0.38147715
0.01700000	0.37808013
0.01800000	0.37479578
0.01900000	0.37161481
0.02000000	0.36852914
0.02100000	0.36553168
0.02200000	0.36261619
0.02300000	0.35977712
0.02400000	0.35700952
0.02500000	0.35430895
0.02600000	0.35167143
0.02700000	0.34909332
0.02800000	0.34657134
0.02900000	0.34410251
0.03000000	0.34168408
0.03100000	0.33931353
0.03200000	0.33698857
0.03300000	0.33470705
0.03400000	0.33246702
0.03500000	0.33026663
0.03600000	0.32810419
0.03700000	0.32597813
0.03800000	0.32388696
0.03900000	0.32182932
0.04000000	0.31980390
0.04100000	0.31780951
0.04200000	0.31584500
0.04300000	0.31390930
0.04400000	0.31200141
0.04500000	0.31012038
0.04600000	0.30826531
0.04700000	0.30643535
0.04800000	0.30462969
0.04900000	0.30284757
0.05000000	0.30108828
0.05100000	0.29935111
0.05200000	0.29763543
0.05300000	0.29594059
0.05400000	0.29426602
0.05500000	0.29261114
0.05600000	0.29097541
0.05700000	0.28935833
0.05800000	0.28775938
0.05900000	0.28617810
0.06000000	0.28461404
0.06100000	0.28306676
0.06200000	0.28153585
0.06300000	0.28002091
0.06400000	0.27852154
0.06500000	0.27703740
0.06600000	0.27556811
0.06700000	0.27411334
0.06800000	0.27267276
0.06900000	0.27124605
0.07000000	0.26983291
0.07100000	0.26843305
0.07200000	0.26704617
0.07300000	0.26567201
0.07400000	0.26431030
0.07500000	0.26296079
0.07600000	0.26162322
0.07700000	0.26029737
0.07800000	0.25898299
0.07900000	0.25767986
0.08000000	0.25638777
0.08100000	0.25510651
0.08200000	0.25383587
0.08300000	0.25257565
0.08400000	0.25132567
0.08500000	0.25008574
0.08600000	0.24885567
0.08700000	0.24763530
0.08800000	0.24642445
0.08900000	0.24522295
0.09000000	0.24403065
0.09100000	0.24284739
0.09200000	0.24167302
0.09300000	0.24050739
0.09400000	0.23935035
0.09500000	0.23820178
0.09600000	0.23706152
0.09700000	0.23592945
0.09800000	0.23480543
0.09900000	0.23368935
0.10000000	0.23258108
0.10100000	0.23148050
0.10200000	0.23038749
0.10300000	0.22930194
0.10400000	0.22822373
0.10500000	0.22715277
0.10600000	0.22608893
0.10700000	0.22503213
0.10800000	0.22398225
0.10900000	0.22293921
0.11000000	0.22190290
0.11100000	0.22087322
0.11200000	0.21985010
0.11300000	0.21883343
0.11400000	0.21782312
0.11500000	0.21681910
0.11600000	0.21582128
0.11700000	0.21482958
0.11800000	0.21384391
0.11900000	0.21286420
0.12000000	0.21189036
0.12100000	0.21092233
0.12200000	0.20996003
0.12300000	0.20900339
0.12400000	0.20805233
0.12500000	0.20710678
0.12600000	0.20616668
0.12700000	0.20523197
0.12800000	0.20430257
0.12900000	0.20337842
0.13000000	0.20245945
0.13100000	0.20154562
0.13200000	0.20063684
0.13300000	0.19973308
0.13400000	0.19883426
0.13500000	0.19794033
0.13600000	0.19705123
0.13700000	0.19616691
0.13800000	0.19528732
0.13900000	0.19441239
0.14000000	0.19354209
0.14100000	0.19267635
0.14200000	0.19181513
0.14300000	0.19095837
0.14400000	0.19010604
0.14500000	0.18925807
0.14600000	0.18841443
0.14700000	0.18757507
0.14800000	0.18673994
0.14900000	0.18590899
0.15000000	0.18508219
0.15100000	0.18425950
0.15200000	0.18344086
0.15300000	0.18262623
0.15400000	0.18181558
0.15500000	0.18100887
0.15600000	0.18020605
0.15700000	0.17940709
0.15800000	0.17861195
0.15900000	0.17782058
0.16000000	0.17703296
0.16100000	0.17624905
0.16200000	0.17546880
0.16300000	0.17469219
0.16400000	0.17391918
0.16500000	0.17314974
0.16600000	0.17238382
0.16700000	0.17162141
0.16800000	0.17086246
0.16900000	0.17010694
0.17000000	0.16935482
0.17100000	0.16860607
0.17200000	0.16786066
0.17300000	0.16711856
0.17400000	0.16637973
0.17500000	0.16564416
0.17600000	0.16491180
0.17700000	0.16418263
0.17800000	0.16345662
0.17900000	0.16273375
0.18000000	0.16201398
0.18100000	0.16129729
0.18200000	0.16058365
0.18300000	0.15987304
0.18400000	0.15916543
0.18500000	0.15846079
0.18600000	0.15775910
0.18700000	0.15706033
0.18800000	0.15636446
0.18900000	0.15567146
0.19000000	0.15498132
0.19100000	0.15429400
0.19200000	0.15360948
0.19300000	0.15292774
0.19400000	0.15224876
0.19500000	0.15157251
0.19600000	0.15089898
0.19700000	0.15022813
0.19800000	0.14955995
0.19900000	0.14889442
0.20000000	0.14823152
0.20100000	0.14757122
0.20200000	0.14691350
0.20300000	0.14625835
0.20400000	0.14560575
0.20500000	0.14495566
0.20600000	0.14430808
0.20700000	0.14366299
0.20800000	0.14302036
0.20900000	0.14238018
0.21000000	0.14174243
0.21100000	0.14110709
0.21200000	0.14047414
0.21300000	0.13984356
0.21400000	0.13921534
0.21500000	0.13858946
0.21600000	0.13796590
0.21700000	0.13734464
0.21800000	0.13672567
0.21900000	0.13610897
0.22000000	0.13549453
0.22100000	0.13488232
0.22200000	0.13427233
0.22300000	0.13366455
0.22400000	0.13305895
0.22500000	0.13245553
0.22600000	0.13185427
0.22700000	0.13125515
0.22800000	0.13065816
0.22900000	0.13006328
0.23000000	0.12947050
0.23100000	0.12887980
0.23200000	0.12829117
0.23300000	0.12770460
0.23400000	0.12712006
0.23500000	0.12653755
0.23600000	0.12595706
0.23700000	0.12537856
0.23800000	0.12480205
0.23900000	0.12422751
0.24000000	0.12365492
0.24100000	0.12308429
0.24200000	0.12251558
0.24300000	0.12194880
0.24400000	0.12138392
0.24500000	0.12082093
0.24600000	0.12025983
0.24700000	0.11970060
0.24800000	0.11914322
0.24900000	0.11858769
0.25000000	0.11803399
0.25100000	0.11748211
0.25200000	0.11693204
0.25300000	0.11638377
0.25400000	0.11583729
0.25500000	0.11529258
0.25600000	0.11474963
0.25700000	0.11420844
0.25800000	0.11366899
0.25900000	0.11313127
0.26000000	0.11259526
0.26100000	0.11206097
0.26200000	0.11152838
0.26300000	0.11099747
0.26400000	0.11046824
0.26500000	0.10994068
0.26600000	0.10941478
0.26700000	0.10889052
0.26800000	0.10836790
0.26900000	0.10784690
0.27000000	0.10732752
0.27100000	0.10680975
0.27200000	0.10629358
0.27300000	0.10577900
0.27400000	0.10526599
0.27500000	0.10475455
0.27600000	0.10424468
0.27700000	0.10373635
0.27800000	0.10322957
0.27900000	0.10272432
0.28000000	0.10222059
0.28100000	0.10171837
0.28200000	0.10121767
0.28300000	0.10071846
0.28400000	0.10022073
0.28500000	0.09972449
0.28600000	0.09922972
0.28700000	0.09873641
0.28800000	0.09824456
0.28900000	0.09775416
0.29000000	0.09726519
0.29100000	0.09677765
0.29200000	0.09629154
0.29300000	0.09580683
0.29400000	0.09532354
0.29500000	0.09484164
0.29600000	0.09436114
0.29700000	0.09388201
0.29800000	0.09340427
0.29900000	0.09292789
0.30000000	0.09245287
0.30100000	0.09197920
0.30200000	0.09150688
0.30300000	0.09103590
0.30400000	0.09056624
0.30500000	0.09009792
0.30600000	0.08963090
0.30700000	0.08916520
0.30800000	0.08870080
0.30900000	0.08823769
0.31000000	0.08777588
0.31100000	0.08731534
0.31200000	0.08685608
0.31300000	0.08639809
0.31400000	0.08594136
0.31500000	0.08548589
0.31600000	0.08503166
0.31700000	0.08457867
0.31800000	0.08412692
0.31900000	0.08367640
0.32000000	0.08322710
0.32100000	0.08277902
0.32200000	0.08233215
0.32300000	0.08188648
0.32400000	0.08144201
0.32500000	0.08099873
0.32600000	0.08055664
0.32700000	0.08011572
0.32800000	0.07967598
0.32900000	0.07923741
0.33000000	0.07879999
0.33100000	0.07836374
0.33200000	0.07792863
0.33300000	0.07749467
0.33400000	0.07706185
0.33500000	0.07663016
0.33600000	0.07619959
0.33700000	0.07577015
0.33800000	0.07534183
0.33900000	0.07491461
0.34000000	0.07448850
0.34100000	0.07406349
0.34200000	0.07363958
0.34300000	0.07321675
0.34400000	0.07279501
0.34500000	0.07237434
0.34600000	0.07195475
0.34700000	0.07153623
0.34800000	0.07111877
0.34900000	0.07070237
0.35000000	0.07028703
0.35100000	0.06987273
0.35200000	0.06945947
0.35300000	0.06904725
0.35400000	0.06863607
0.35500000	0.06822591
0.35600000	0.06781677
0.35700000	0.06740866
0.35800000	0.06700156
0.35900000	0.06659547
0.36000000	0.06619038
0.36100000	0.06578629
0.36200000	0.06538320
0.36300000	0.06498110
0.36400000	0.06457998
0.36500000	0.06417985
0.36600000	0.06378069
0.36700000	0.06338250
0.36800000	0.06298529
0.36900000	0.06258903
0.37000000	0.06219374
0.37100000	0.06179940
0.37200000	0.06140601
0.37300000	0.06101357
0.37400000	0.06062207
0.37500000	0.06023150
0.37600000	0.05984188
0.37700000	0.05945318
0.37800000	0.05906540
0.37900000	0.05867855
0.38000000	0.05829261
0.38100000	0.05790759
0.38200000	0.05752348
0.38300000	0.05714027
0.38400000	0.05675796
0.38500000	0.05637655
0.38600000	0.05599603
0.38700000	0.05561640
0.38800000	0.05523766
0.38900000	0.05485980
0.39000000	0.05448281
0.39100000	0.05410670
0.39200000	0.05373146
0.39300000	0.05335709
0.39400000	0.05298358
0.39500000	0.05261093
0.39600000	0.05223913
0.39700000	0.05186819
0.39800000	0.05149809
0.39900000	0.05112884
0.40000000	0.05076042
0.40100000	0.05039285
0.40200000	0.05002611
0.40300000	0.04966020
0.40400000	0.04929512
0.40500000	0.04893086
0.40600000	0.04856742
0.40700000	0.04820479
0.40800000	0.04784298
0.40900000	0.04748198
0.41000000	0.04712178
0.41100000	0.04676239
0.41200000	0.04640380
0.41300000	0.04604600
0.41400000	0.04568900
0.41500000	0.04533279
0.41600000	0.04497736
0.41700000	0.04462272
0.41800000	0.04426886
0.41900000	0.04391577
0.42000000	0.04356346
0.42100000	0.04321192
0.42200000	0.04286114
0.42300000	0.04251114
0.42400000	0.04216189
0.42500000	0.04181340
0.42600000	0.04146566
0.42700000	0.04111868
0.42800000	0.04077245
0.42900000	0.04042696
0.43000000	0.04008222
0.43100000	0.03973822
0.43200000	0.03939496
0.43300000	0.03905243
0.43400000	0.03871063
0.43500000	0.03836956
0.43600000	0.03802921
0.43700000	0.03768959
0.43800000	0.03735069
0.43900000	0.03701251
0.44000000	0.03667504
0.44100000	0.03633829
0.44200000	0.03600224
0.44300000	0.03566690
0.44400000	0.03533226
0.44500000	0.03499832
0.44600000	0.03466509
0.44700000	0.03433254
0.44800000	0.03400070
0.44900000	0.03366954
0.45000000	0.03333906
0.45100000	0.03300928
0.45200000	0.03268017
0.45300000	0.03235175
0.45400000	0.03202400
0.45500000	0.03169693
0.45600000	0.03137053
0.45700000	0.03104480
0.45800000	0.03071974
0.45900000	0.03039534
0.46000000	0.03007160
0.46100000	0.02974852
0.46200000	0.02942610
0.46300000	0.02910434
0.46400000	0.02878322
0.46500000	0.02846276
0.46600000	0.02814294
0.46700000	0.02782377
0.46800000	0.02750524
0.46900000	0.02718736
0.47000000	0.02687011
0.47100000	0.02655349
0.47200000	0.02623751
0.47300000	0.02592216
0.47400000	0.02560744
0.47500000	0.02529334
0.47600000	0.02497987
0.47700000	0.02466702
0.47800000	0.02435479
0.47900000	0.02404318
0.48000000	0.02373218
0.48100000	0.02342180
0.48200000	0.02311203
0.48300000	0.02280286
0.48400000	0.02249430
0.48500000	0.02218635
0.48600000	0.02187899
0.48700000	0.02157224
0.48800000	0.02126609
0.48900000	0.02096053
0.49000000	0.02065556
0.49100000	0.02035119
0.49200000	0.02004740
0.49300000	0.01974420
0.49400000	0.01944159
0.49500000	0.01913956
0.49600000	0.01883811
0.49700000	0.01853724
0.49800000	0.01823695
0.49900000	0.01793723
0.50000000	0.01763809
0.50100000	0.01733952
0.50200000	0.01704151
0.50300000	0.01674408
0.50400000	0.01644720
0.50500000	0.01615089
0.50600000	0.01585515
0.50700000	0.01555996
0.50800000	0.01526533
0.50900000	0.01497125
0.51000000	0.01467773
0.51100000	0.01438476
0.51200000	0.01409234
0.51300000	0.01380047
0.51400000	0.01350914
0.51500000	0.01321836
0.51600000	0.01292812
0.51700000	0.01263842
0.51800000	0.01234926
0.51900000	0.01206063
0.52000000	0.01177255
0.52100000	0.01148499
0.52200000	0.01119797
0.52300000	0.01091147
0.52400000	0.01062551
0.52500000	0.01034007
0.52600000	0.01005515
0.52700000	0.00977076
0.52800000	0.00948689
0.52900000	0.00920353
0.53000000	0.00892070
0.53100000	0.00863838
0.53200000	0.00835657
0.53300000	0.00807528
0.53400000	0.00779450
0.53500000	0.00751423
0.53600000	0.00723446
0.53700000	0.00695520
0.53800000	0.00667645
0.53900000	0.00639819
0.54000000	0.00612044
0.54100000	0.00584319
0.54200000	0.00556643
0.54300000	0.00529017
0.54400000	0.00501441
0.54500000	0.00473914
0.54600000	0.00446436
0.54700000	0.00419006
0.54800000	0.00391626
0.54900000	0.00364294
0.55000000	0.00337011
0.55100000	0.00309776
0.55200000	0.00282590
0.55300000	0.00255451
0.55400000	0.00228360
0.55500000	0.00201317
0.55600000	0.00174322
0.55700000	0.00147373
0.55800000	0.00120473
0.55900000	0.00093619
0.56000000	0.00066812
0.56100000	0.00040052
0.56200000	0.00013339
0.56300000	-0.00013328
0.56400000	-0.00039948
0.56500000	-0.00066522
0.56600000	-0.00093050
0.56700000	-0.00119532
0.56800000	-0.00145968
0.56900000	-0.00172359
0.57000000	-0.00198703
0.57100000	-0.00225003
0.57200000	-0.00251257
0.57300000	-0.00277467
0.57400000	-0.00303631
0.57500000	-0.00329750
0.57600000	-0.00355825
0.57700000	-0.00381855
0.57800000	-0.00407841
0.57900000	-0.00433783
0.58000000	-0.00459680
0.58100000	-0.00485534
0.58200000	-0.00511343
0.58300000	-0.00537109
0.58400000	-0.00562831
0.58500000	-0.00588510
0.58600000	-0.00614145
0.58700000	-0.00639737
0.58800000	-0.00665286
0.58900000	-0.00690792
0.59000000	-0.00716255
0.59100000	-0.00741676
0.59200000	-0.00767054
0.59300000	-0.00792389
0.59400000	-0.00817683
0.59500000	-0.00842934
0.59600000	-0.00868143
0.59700000	-0.00893310
0.59800000	-0.00918435
0.59900000	-0.00943519
0.60000000	-0.00968561
0.60100000	-0.00993561
0.60200000	-0.01018520
0.60300000	-0.01043438
0.60400000	-0.01068315
0.60500000	-0.01093151
0.60600000	-0.01117947
0.60700000	-0.01142701
0.60800000	-0.01167415
0.60900000	-0.01192088
0.61000000	-0.01216721
0.61100000	-0.01241314
0.61200000	-0.01265867
0.61300000	-0.01290380
0.61400000	-0.01314852
0.61500000	-0.01339285
0.61600000	-0.01363679
0.61700000	-0.01388033
0.61800000	-0.01412347
0.61900000	-0.01436622
0.62000000	-0.01460858
0.62100000	-0.01485055
0.62200000	-0.01509213
0.62300000	-0.01533332
0.62400000	-0.01557412
0.62500000	-0.01581454
0.62600000	-0.01605457
0.62700000	-0.01629421
0.62800000	-0.01653348
0.62900000	-0.01677236
0.63000000	-0.01701086
0.63100000	-0.01724898
0.63200000	-0.01748672
0.63300000	-0.01772409
0.63400000	-0.01796107
0.63500000	-0.01819769
0.63600000	-0.01843393
0.63700000	-0.01866979
0.63800000	-0.01890528
0.63900000	-0.01914040
0.64000000	-0.01937515
0.64100000	-0.01960953
0.64200000	-0.01984355
0.64300000	-0.02007719
0.64400000	-0.02031047
0.64500000	-0.02054339
0.64600000	-0.02077594
0.64700000	-0.02100812
0.64800000	-0.02123995
0.64900000	-0.02147141
0.65000000	-0.02170252
0.65100000	-0.02193326
0.65200000	-0.02216365
0.65300000	-0.02239368
0.65400000	-0.02262335
0.65500000	-0.02285267
0.65600000	-0.02308163
0.65700000	-0.02331024
0.65800000	-0.02353850
0.65900000	-0.02376641
0.66000000	-0.02399397
0.66100000	-0.02422118
0.66200000	-0.02444803
0.66300000	-0.02467455
0.66400000	-0.02490071
0.66500000	-0.02512653
0.66600000	-0.02535201
0.66700000	-0.02557714
0.66800000	-0.02580193
0.66900000	-0.02602637
0.67000000	-0.02625048
0.67100000	-0.02647424
0.67200000	-0.02669767
0.67300000	-0.02692076
0.67400000	-0.02714351
0.67500000	-0.02736593
0.67600000	-0.02758801
0.67700000	-0.02780975
0.67800000	-0.02803116
0.67900000	-0.02825224
0.68000000	-0.02847299
0.68100000	-0.02869340
0.68200000	-0.02891349
0.68300000	-0.02913324
0.68400000	-0.02935267
0.68500000	-0.02957177
0.68600000	-0.02979054
0.68700000	-0.03000899
0.68800000	-0.03022711
0.68900000	-0.03044491
0.69000000	-0.03066239
0.69100000	-0.03087954
0.69200000	-0.03109637
0.69300000	-0.03131288
0.69400000	-0.03152907
0.69500000	-0.03174494
0.69600000	-0.03196050
0.69700000	-0.03217573
0.69800000	-0.03239065
0.69900000	-0.03260526
0.70000000	-0.03281955
0.70100000	-0.03303352
0.70200000	-0.03324718
0.70300000	-0.03346053
0.70400000	-0.03367357
0.70500000	-0.03388630
0.70600000	-0.03409871
0.70700000	-0.03431082
0.70800000	-0.03452262
0.70900000	-0.03473411
0.71000000	-0.03494529
0.71100000	-0.03515617
0.71200000	-0.03536675
0.71300000	-0.03557701
0.71400000	-0.03578698
0.71500000	-0.03599664
0.71600000	-0.03620600
0.71700000	-0.03641506
0.71800000	-0.03662382
0.71900000	-0.03683227
0.72000000	-0.03704043
0.72100000	-0.03724829
0.72200000	-0.03745586
0.72300000	-0.03766312
0.72400000	-0.03787009
0.72500000	-0.03807676
0.72600000	-0.03828314
0.72700000	-0.03848923
0.72800000	-0.03869502
0.72900000	-0.03890052
0.73000000	-0.03910573
0.73100000	-0.03931065
0.73200000	-0.03951528
0.73300000	-0.03971961
0.73400000	-0.03992366
0.73500000	-0.04012742
0.73600000	-0.04033090
0.73700000	-0.04053408
0.73800000	-0.04073698
0.73900000	-0.04093960
0.74000000	-0.04114193
0.74100000	-0.04134398
0.74200000	-0.04154574
0.74300000	-0.04174722
0.74400000	-0.04194842
0.74500000	-0.04214934
0.74600000	-0.04234998
0.74700000	-0.04255034
0.74800000	-0.04275042
0.74900000	-0.04295022
0.75000000	-0.04314975
0.75100000	-0.04334900
0.75200000	-0.04354797
0.75300000	-0.04374666
0.75400000	-0.04394508
0.75500000	-0.04414323
0.75600000	-0.04434110
0.75700000	-0.04453870
0.75800000	-0.04473603
0.75900000	-0.04493309
0.76000000	-0.04512987
0.76100000	-0.04532639
0.76200000	-0.04552263
0.76300000	-0.04571861
0.76400000	-0.04591432
0.76500000	-0.04610976
0.76600000	-0.04630493
0.76700000	-0.04649984
0.76800000	-0.04669448
0.76900000	-0.04688886
0.77000000	-0.04708297
0.77100000	-0.04727682
0.77200000	-0.04747040
0.77300000	-0.04766372
0.77400000	-0.04785678
0.77500000	-0.04804958
0.77600000	-0.04824212
0.77700000	-0.04843440
0.77800000	-0.04862642
0.77900000	-0.04881818
0.78000000	-0.04900968
0.78100000	-0.04920092
0.78200000	-0.04939191
0.78300000	-0.04958264
0.78400000	-0.04977312
0.78500000	-0.04996334
0.78600000	-0.05015330
0.78700000	-0.05034301
0.78800000	-0.05053247
0.78900000	-0.05072167
0.79000000	-0.05091063
0.79100000	-0.05109933
0.79200000	-0.05128778
0.79300000	-0.05147598
0.79400000	-0.05166392
0.79500000	-0.05185162
0.79600000	-0.05203908
0.79700000	-0.05222628
0.79800000	-0.05241323
0.79900000	-0.05259994
0.80000000	-0.05278640
0.80100000	-0.05297262
0.80200000	-0.05315859
0.80300000	-0.05334432
0.80400000	-0.05352980
0.80500000	-0.05371504
0.80600000	-0.05390003
0.80700000	-0.05408479
0.80800000	-0.05426930
0.80900000	-0.05445357
0.81000000	-0.05463760
0.81100000	-0.05482138
0.81200000	-0.05500493
0.81300000	-0.05518824
0.81400000	-0.05537131
0.81500000	-0.05555415
0.81600000	-0.05573674
0.81700000	-0.05591910
0.81800000	-0.05610122
0.81900000	-0.05628311
0.82000000	-0.05646476
0.82100000	-0.05664617
0.82200000	-0.05682735
0.82300000	-0.05700830
0.82400000	-0.05718902
0.82500000	-0.05736950
0.82600000	-0.05754975
0.82700000	-0.05772976
0.82800000	-0.05790955
0.82900000	-0.05808911
0.83000000	-0.05826843
0.83100000	-0.05844753
0.83200000	-0.05862639
0.83300000	-0.05880503
0.83400000	-0.05898344
0.83500000	-0.05916163
0.83600000	-0.05933958
0.83700000	-0.05951731
0.83800000	-0.05969481
0.83900000	-0.05987209
0.84000000	-0.06004914
0.84100000	-0.06022597
0.84200000	-0.06040257
0.84300000	-0.06057895
0.84400000	-0.06075511
0.84500000	-0.06093104
0.84600000	-0.06110676
0.84700000	-0.06128225
0.84800000	-0.06145752
0.84900000	-0.06163257
0.85000000	-0.06180739
0.85100000	-0.06198200
0.85200000	-0.06215639
0.85300000	-0.06233057
0.85400000	-0.06250452
0.85500000	-0.06267825
0.85600000	-0.06285177
0.85700000	-0.06302507
0.85800000	-0.06319816
0.85900000	-0.06337103
0.86000000	-0.06354368
0.86100000	-0.06371612
0.86200000	-0.06388834
0.86300000	-0.06406035
0.86400000	-0.06423215
0.86500000	-0.06440373
0.86600000	-0.06457510
0.86700000	-0.06474626
0.86800000	-0.06491721
0.86900000	-0.06508795
0.87000000	-0.06525847
0.87100000	-0.06542879
0.87200000	-0.06559889
0.87300000	-0.06576879
0.87400000	-0.06593847
0.87500000	-0.06610795
0.87600000	-0.06627722
0.87700000	-0.06644629
0.87800000	-0.06661514
0.87900000	-0.06678379
0.88000000	-0.06695223
0.88100000	-0.06712047
0.88200000	-0.06728850
0.88300000	-0.06745633
0.88400000	-0.06762395
0.88500000	-0.06779136
0.88600000	-0.06795858
0.88700000	-0.06812559
0.88800000	-0.06829240
0.88900000	-0.06845900
0.89000000	-0.06862540
0.89100000	-0.06879161
0.89200000	-0.06895761
0.89300000	-0.06912341
0.89400000	-0.06928901
0.89500000	-0.06945441
0.89600000	-0.06961961
0.89700000	-0.06978461
0.89800000	-0.06994941
0.89900000	-0.07011402
0.90000000	-0.07027842
0.90100000	-0.07044263
0.90200000	-0.07060665
0.90300000	-0.07077046
0.90400000	-0.07093408
0.90500000	-0.07109751
0.90600000	-0.07126073
0.90700000	-0.07142377
0.90800000	-0.07158661
0.90900000	-0.07174925
0.91000000	-0.07191171
0.91100000	-0.07207396
0.91200000	-0.07223603
0.91300000	-0.07239790
0.91400000	-0.07255958
0.91500000	-0.07272107
0.91600000	-0.07288237
0.91700000	-0.07304348
0.91800000	-0.07320440
0.91900000	-0.07336512
0.92000000	-0.07352566
0.92100000	-0.07368601
0.92200000	-0.07384616
0.92300000	-0.07400613
0.92400000	-0.07416592
0.92500000	-0.07432551
0.92600000	-0.07448492
0.92700000	-0.07464414
0.92800000	-0.07480317
0.92900000	-0.07496202
0.93000000	-0.07512068
0.93100000	-0.07527915
0.93200000	-0.07543744
0.93300000	-0.07559555
0.93400000	-0.07575347
0.93500000	-0.07591121
0.93600000	-0.07606876
0.93700000	-0.07622613
0.93800000	-0.07638332
0.93900000	-0.07654032
0.94000000	-0.07669714
0.94100000	-0.07685378
0.94200000	-0.07701024
0.94300000	-0.07716652
0.94400000	-0.07732262
0.94500000	-0.07747854
0.94600000	-0.07763427
0.94700000	-0.07778983
0.94800000	-0.07794521
0.94900000	-0.07810041
0.95000000	-0.07825543
0.95100000	-0.07841027
0.95200000	-0.07856494
0.95300000	-0.07871943
0.95400000	-0.07887374
0.95500000	-0.07902787
0.95600000	-0.07918183
0.95700000	-0.07933561
0.95800000	-0.07948921
0.95900000	-0.07964264
0.96000000	-0.07979590
0.96100000	-0.07994898
0.96200000	-0.08010188
0.96300000	-0.08025462
0.96400000	-0.08040717
0.96500000	-0.08055956
0.96600000	-0.08071177
0.96700000	-0.08086381
0.96800000	-0.08101568
0.96900000	-0.08116737
0.97000000	-0.08131890
0.97100000	-0.08147025
0.97200000	-0.08162143
0.97300000	-0.08177244
0.97400000	-0.08192328
0.97500000	-0.08207395
0.97600000	-0.08222445
0.97700000	-0.08237478
0.97800000	-0.08252495
0.97900000	-0.08267494
0.98000000	-0.08282477
0.98100000	-0.08297442
0.98200000	-0.08312391
0.98300000	-0.08327324
0.98400000	-0.08342239
0.98500000	-0.08357138
0.98600000	-0.08372020
0.98700000	-0.08386886
0.98800000	-0.08401735
0.98900000	-0.08416568
0.99000000	-0.08431384
0.99100000	-0.08446184
0.99200000	-0.08460967
0.99300000	-0.08475733
0.99400000	-0.08490484
0.99500000	-0.08505218
0.99600000	-0.08519935
0.99700000	-0.08534637
0.99800000	-0.08549322
0.99900000	-0.08563991
1.00000000	-0.08578644
1.00100000	0.13533515
1.00200000	0.13533474
1.00300000	0.13533407
1.00400000	0.13533313
1.00500000	0.13533192
1.00600000	0.13533044
1.00700000	0.13532870
1.00800000	0.13532669
1.00900000	0.13532442
1.01000000	0.13532188
1.01100000	0.13531909
1.01200000	0.13531603
1.01300000	0.13531271
1.01400000	0.13530913
1.01500000	0.13530529
1.01600000	0.13530119
1.01700000	0.13529683
1.01800000	0.13529222
1.01900000	0.13528735
1.02000000	0.13528222
1.02100000	0.13527684
1.02200000	0.13527121
1.02300000	0.13526532
1.02400000	0.13525918
1.02500000	0.13525279
1.02600000	0.13524614
1.02700000	0.13523925
1.02800000	0.13523211
1.02900000	0.13522472
1.03000000	0.13521708
1.03100000	0.13520920
1.03200000	0.13520106
1.03300000	0.13519269
1.03400000	0.13518406
1.03500000	0.13517520
1.03600000	0.13516609
1.03700000	0.13515674
1.03800000	0.13514714
1.03900000	0.13513731
1.04000000	0.13512724
1.04100000	0.13511692
1.04200000	0.13510637
1.04300000	0.13509558
1.04400000	0.13508455
1.04500000	0.13507328
1.04600000	0.13506178
1.04700000	0.13505005
1.04800000	0.13503808
1.04900000	0.13502588
1.05000000	0.13501344
1.05100000	0.13500077
1.05200000	0.13498787
1.05300000	0.13497474
1.05400000	0.13496138
1.05500000	0.13494779
1.05600000	0.13493397
1.05700000	0.13491993
1.05800000	0.13490566
1.05900000	0.13489116
1.06000000	0.13487643
1.06100000	0.13486148
1.06200000	0.13484631
1.06300000	0.13483091
1.06400000	0.13481529
1.06500000	0.13479945
1.06600000	0.13478339
1.06700000	0.13476711
1.06800000	0.13475060
1.06900000	0.13473388
1.07000000	0.13471694
1.07100000	0.13469978
1.07200000	0.13468241
1.07300000	0.13466481
1.07400000	0.13464701
1.07500000	0.13462898
1.07600000	0.13461075
1.07700000	0.13459230
1.07800000	0.13457363
1.07900000	0.13455476
1.08000000	0.13453567
1.08100000	0.13451637
1.08200000	0.13449686
1.08300000	0.13447714
1.08400000	0.13445722
1.08500000	0.13443708
1.08600000	0.13441674
1.08700000	0.13439619
1.08800000	0.13437543
1.08900000	0.13435447
1.09000000	0.13433331
1.09100000	0.13431194
1.09200000	0.13429037
1.09300000	0.13426859
1.09400000	0.13424661
1.09500000	0.13422443
1.09600000	0.13420205
1.09700000	0.13417947
1.09800000	0.13415669
1.09900000	0.13413371
1.10000000	0.13411054
1.10100000	0.13408716
1.10200000	0.13406359
1.10300000	0.13403983
1.10400000	0.13401586
1.10500000	0.13399171
1.10600000	0.13396735
1.10700000	0.13394281
1.10800000	0.13391807
1.10900000	0.13389314
1.11000000	0.13386802
1.11100000	0.13384271
1.11200000	0.13381720
1.11300000	0.13379151
1.11400000	0.13376563
1.11500000	0.13373956
1.11600000	0.13371330
1.11700000	0.13368685
1.11800000	0.13366022
1.11900000	0.13363340
1.12000000	0.13360640
1.12100000	0.13357921
1.12200000	0.13355184
1.12300000	0.13352428
1.12400000	0.13349654
1.12500000	0.13346862
1.12600000	0.13344052
1.12700000	0.13341223
1.12800000	0.13338377
1.12900000	0.13335513
1.13000000	0.13332630
1.13100000	0.13329730
1.13200000	0.13326812
1.13300000	0.13323877
1.13400000	0.13320923
1.13500000	0.13317952
1.13600000	0.13314964
1.13700000	0.13311958
1.13800000	0.13308934
1.13900000	0.13305894
1.14000000	0.13302835
1.14100000	0.13299760
1.14200000	0.13296668
1.14300000	0.13293558
1.14400000	0.13290431
1.14500000	0.13287287
1.14600000	0.13284127
1.14700000	0.13280949
1.14800000	0.13277755
1.14900000	0.13274543
1.15000000	0.13271315
1.15100000	0.13268071
1.15200000	0.13264810
1.15300000	0.13261532
1.15400000	0.13258238
1.15500000	0.13254927
1.15600000	0.13251600
1.15700000	0.13248256
1.15800000	0.13244897
1.15900000	0.13241521
1.16000000	0.13238129
1.16100000	0.13234721
1.16200000	0.13231297
1.16300000	0.13227857
1.16400000	0.13224401
1.16500000	0.13220929
1.16600000	0.13217441
1.16700000	0.13213938
1.16800000	0.13210419
1.16900000	0.13206884
1.17000000	0.13203333
1.17100000	0.13199768
1.17200000	0.13196186
1.17300000	0.13192589
1.17400000	0.13188977
1.17500000	0.13185350
1.17600000	0.13181707
1.17700000	0.13178049
1.17800000	0.13174376
1.17900000	0.13170688
1.18000000	0.13166985
1.18100000	0.13163267
1.18200000	0.13159534
1.18300000	0.13155786
1.18400000	0.13152023
1.18500000	0.13148246
1.18600000	0.13144453
1.18700000	0.13140646
1.18800000	0.13136825
1.18900000	0.13132989
1.19000000	0.13129138
1.19100000	0.13125273
1.19200000	0.13121394
1.19300000	0.13117500
1.19400000	0.13113592
1.19500000	0.13109670
1.19600000	0.13105733
1.19700000	0.13101783
1.19800000	0.13097818
1.19900000	0.13093839
1.20000000	0.13089846
1.20100000	0.13085840
1.20200000	0.13081819
1.20300000	0.13077785
1.20400000	0.13073737
1.20500000	0.13069675
1.20600000	0.13065600
1.20700000	0.13061510
1.20800000	0.13057408
1.20900000	0.13053292
1.21000000	0.13049162
1.21100000	0.13045019
1.21200000	0.13040862
1.21300000	0.13036692
1.21400000	0.13032509
1.21500000	0.13028313
1.21600000	0.13024104
1.21700000	0.13019881
1.21800000	0.13015645
1.21900000	0.13011397
1.22000000	0.13007135
1.22100000	0.13002860
1.22200000	0.12998573
1.22300000	0.12994273
1.22400000	0.12989960
1.22500000	0.12985634
1.22600000	0.12981295
1.22700000	0.12976944
1.22800000	0.12972581
1.22900000	0.12968204
1.23000000	0.12963816
1.23100000	0.12959414
1.23200000	0.12955001
1.23300000	0.12950575
1.23400000	0.12946137
1.23500000	0.12941686
1.23600000	0.12937223
1.23700000	0.12932749
1.23800000	0.12928262
1.23900000	0.12923763
1.24000000	0.12919252
1.24100000	0.12914729
1.24200000	0.12910194
1.24300000	0.12905647
1.24400000	0.12901088
1.24500000	0.12896518
1.24600000	0.12891936
1.24700000	0.12887342
1.24800000	0.12882736
1.24900000	0.12878119
1.25000000	0.12873490
1.25100000	0.12868850
1.25200000	0.12864198
1.25300000	0.12859535
1.25400000	0.12854861
1.25500000	0.12850175
1.25600000	0.12845478
1.25700000	0.12840770
1.25800000	0.12836050
1.25900000	0.12831319
1.26000000	0.12826578
1.26100000	0.12821825
1.26200000	0.12817061
1.26300000	0.12812286
1.26400000	0.12807500
1.26500000	0.12802703
1.26600000	0.12797896
1.26700000	0.12793077
1.26800000	0.12788248
1.26900000	0.12783409
1.27000000	0.12778558
1.27100000	0.12773697
1.27200000	0.12768825
1.27300000	0.12763943
1.27400000	0.12759050
1.27500000	0.12754147
1.27600000	0.12749233
1.27700000	0.12744309
1.27800000	0.12739375
1.27900000	0.12734430
1.28000000	0.12729475
1.28100000	0.12724510
1.28200000	0.12719535
1.28300000	0.12714549
1.28400000	0.12709554
1.28500000	0.12704548
1.28600000	0.12699533
1.28700000	0.12694507
1.28800000	0.12689472
1.28900000	0.12684427
1.29000000	0.12679372
1.29100000	0.12674307
1.29200000	0.12669232
1.29300000	0.12664148
1.29400000	0.12659054
1.29500000	0.12653950
1.29600000	0.12648837
1.29700000	0.12643714
1.29800000	0.12638582
1.29900000	0.12633440
1.30000000	0.12628289
1.30100000	0.12623128
1.30200000	0.12617958
1.30300000	0.12612779
1.30400000	0.12607590
1.30500000	0.12602392
1.30600000	0.12597185
1.30700000	0.12591969
1.30800000	0.12586744
1.30900000	0.12581510
1.31000000	0.12576266
1.31100000	0.12571014
1.31200000	0.12565753
1.31300000	0.12560482
1.31400000	0.12555203
1.31500000	0.12549915
1.31600000	0.12544618
1.31700000	0.12539313
1.31800000	0.12533999
1.31900000	0.12528676
1.32000000	0.12523344
1.32100000	0.12518004
1.32200000	0.12512655
1.32300000	0.12507298
1.32400000	0.12501932
1.32500000	0.12496557
1.32600000	0.12491175
1.32700000	0.12485784
1.32800000	0.12480384
1.32900000	0.12474976
1.33000000	0.12469560
1.33100000	0.12464136
1.33200000	0.12458703
1.33300000	0.12453263
1.33400000	0.12447814
1.33500000	0.12442357
1.33600000	0.12436892
1.33700000	0.12431419
1.33800000	0.12425938
1.33900000	0.12420449
1.34000000	0.12414952
1.34100000	0.12409447
1.34200000	0.12403934
1.34300000	0.12398414
1.34400000	0.12392886
1.34500000	0.12387350
1.34600000	0.12381806
1.34700000	0.12376255
1.34800000	0.12370696
1.34900000	0.12365129
1.35000000	0.12359555
1.35100000	0.12353973
1.35200000	0.12348384
1.35300000	0.12342788
1.35400000	0.12337183
1.35500000	0.12331572
1.35600000	0.12325953
1.35700000	0.12320327
1.35800000	0.12314694
1.35900000	0.12309053
1.36000000	0.12303405
1.36100000	0.12297750
1.36200000	0.12292088
1.36300000	0.12286419
1.36400000	0.12280742
1.36500000	0.12275059
1.36600000	0.12269368
1.36700000	0.12263671
1.36800000	0.12257966
1.36900000	0.12252255
1.37000000	0.12246537
1.37100000	0.12240812
1.37200000	0.12235080
1.37300000	0.12229341
1.37400000	0.12223596
1.37500000	0.12217843
1.37600000	0.12212085
1.37700000	0.12206319
1.37800000	0.12200547
1.37900000	0.12194768
1.38000000	0.12188983
1.38100000	0.12183191
1.38200000	0.12177393
1.38300000	0.12171588
1.38400000	0.12165777
1.38500000	0.12159959
1.38600000	0.12154135
1.38700000	0.12148305
1.38800000	0.12142468
1.38900000	0.12136625
1.39000000	0.12130776
1.39100000	0.12124921
1.39200000	0.12119060
1.39300000	0.12113192
1.39400000	0.12107318
1.39500000	0.12101438
1.39600000	0.12095552
1.39700000	0.12089660
1.39800000	0.12083762
1.39900000	0.12077859
1.40000000	0.12071949
1.40100000	0.12066033
1.40200000	0.12060111
1.40300000	0.12054184
1.40400000	0.12048251
1.40500000	0.12042312
1.40600000	0.12036367
1.40700000	0.12030416
1.40800000	0.12024460
1.40900000	0.12018498
1.41000000	0.12012531
1.41100000	0.12006558
1.41200000	0.12000579
1.41300000	0.11994595
1.41400000	0.11988605
1.41500000	0.11982610
1.41600000	0.11976609
1.41700000	0.11970603
1.41800000	0.11964591
1.41900000	0.11958574
1.42000000	0.11952552
1.42100000	0.11946525
1.42200000	0.11940492
1.42300000	0.11934454
1.42400000	0.11928411
1.42500000	0.11922362
1.42600000	0.11916308
1.42700000	0.11910250
1.42800000	0.11904186
1.42900000	0.11898117
1.43000000	0.11892043
1.43100000	0.11885964
1.43200000	0.11879879
1.43300000	0.11873790
1.43400000	0.11867696
1.43500000	0.11861597
1.43600000	0.11855494
1.43700000	0.11849385
1.43800000	0.11843271
1.43900000	0.11837153
1.44000000	0.11831030
1.44100000	0.11824902
1.44200000	0.11818770
1.44300000	0.11812632
1.44400000	0.11806490
1.44500000	0.11800344
1.44600000	0.11794193
1.44700000	0.11788037
1.44800000	0.11781876
1.44900000	0.11775711
1.45000000	0.11769542
1.45100000	0.11763368
1.45200000	0.11757190
1.45300000	0.11751007
1.45400000	0.11744820
1.45500000	0.11738628
1.45600000	0.11732432
1.45700000	0.11726232
1.45800000	0.11720027
1.45900000	0.11713819
1.46000000	0.11707606
1.46100000	0.11701388
1.46200000	0.11695167
1.46300000	0.11688941
1.46400000	0.11682711
1.46500000	0.11676477
1.46600000	0.11670239
1.46700000	0.11663997
1.46800000	0.11657751
1.46900000	0.11651501
1.47000000	0.11645247
1.47100000	0.11638988
1.47200000	0.11632726
1.47300000	0.11626460
1.47400000	0.11620190
1.47500000	0.11613917
1.47600000	0.11607639
1.47700000	0.11601357
1.47800000	0.11595072
1.47900000	0.11588783
1.48000000	0.11582490
1.48100000	0.11576194
1.48200000	0.11569894
1.48300000	0.11563590
1.48400000	0.11557282
1.48500000	0.11550971
1.48600000	0.11544656
1.48700000	0.11538338
1.48800000	0.11532016
1.48900000	0.11525691
1.49000000	0.11519362
1.49100000	0.11513029
1.49200000	0.11506693
1.49300000	0.11500354
1.49400000	0.11494011
1.49500000	0.11487665
1.49600000	0.11481316
1.49700000	0.11474963
1.49800000	0.11468607
1.49900000	0.11462247
1.50000000	0.11455884
1.50100000	0.11449518
1.50200000	0.11443149
1.50300000	0.11436777
1.50400000	0.11430401
1.50500000	0.11424022
1.50600000	0.11417640
1.50700000	0.11411255
1.50800000	0.11404867
1.50900000	0.11398476
1.51000000	0.11392082
1.51100000	0.11385684
1.51200000	0.11379284
1.51300000	0.11372881
1.51400000	0.11366475
1.51500000	0.11360066
1.51600000	0.11353653
1.51700000	0.11347238
1.51800000	0.11340821
1.51900000	0.11334400
1.52000000	0.11327976
1.52100000	0.11321550
1.52200000	0.11315121
1.52300000	0.11308689
1.52400000	0.11302254
1.52500000	0.11295817
1.52600000	0.11289377
1.52700000	0.11282934
1.52800000	0.11276489
1.52900000	0.11270041
1.53000000	0.11263590
1.53100000	0.11257137
1.53200000	0.11250681
1.53300000	0.11244223
1.53400000	0.11237762
1.53500000	0.11231298
1.53600000	0.11224833
1.53700000	0.11218364
1.53800000	0.11211893
1.53900000	0.11205420
1.54000000	0.11198945
1.54100000	0.11192467
1.54200000	0.11185986
1.54300000	0.11179503
1.54400000	0.11173018
1.54500000	0.11166531
1.54600000	0.11160041
1.54700000	0.11153549
1.54800000	0.11147055
1.54900000	0.11140559
1.55000000	0.11134060
1.55100000	0.11127559
1.55200000	0.11121056
1.55300000	0.11114551
1.55400000	0.11108044
1.55500000	0.11101535
1.55600000	0.11095023
1.55700000	0.11088510
1.55800000	0.11081994
1.55900000	0.11075477
1.56000000	0.11068957
1.56100000	0.11062436
1.56200000	0.11055912
1.56300000	0.11049387
1.56400000	0.11042859
1.56500000	0.11036330
1.56600000	0.11029799
1.56700000	0.11023266
1.56800000	0.11016731
1.56900000	0.11010194
1.57000000	0.11003655
1.57100000	0.10997115
1.57200000	0.10990573
1.57300000	0.10984029
1.57400000	0.10977483
1.57500000	0.10970936
1.57600000	0.10964386
1.57700000	0.10957836
1.57800000	0.10951283
1.57900000	0.10944729
1.58000000	0.10938173
1.58100000	0.10931616
1.58200000	0.10925057
1.58300000	0.10918496
1.58400000	0.10911934
1.58500000	0.10905370
1.58600000	0.10898805
1.58700000	0.10892238
1.58800000	0.10885670
1.58900000	0.10879101
1.59000000	0.10872529
1.59100000	0.10865957
1.59200000	0.10859383
1.59300000	0.10852807
1.59400000	0.10846231
1.59500000	0.10839653
1.59600000	0.10833073
1.59700000	0.10826492
1.59800000	0.10819910
1.59900000	0.10813327
1.60000000	0.10806742
1.60100000	0.10800156
1.60200000	0.10793569
1.60300000	0.10786980
1.60400000	0.10780391
1.60500000	0.10773800
1.60600000	0.10767208
1.60700000	0.10760614
1.60800000	0.10754020
1.60900000	0.10747425
1.61000000	0.10740828
1.61100000	0.10734230
1.61200000	0.10727631
1.61300000	0.10721032
1.61400000	0.10714431
1.61500000	0.10707829
1.61600000	0.10701226
1.61700000	0.10694622
1.61800000	0.10688017
1.61900000	0.10681411
1.62000000	0.10674804
1.62100000	0.10668197
1.62200000	0.10661588
1.62300000	0.10654978
1.62400000	0.10648368
1.62500000	0.10641757
1.62600000	0.10635145
1.62700000	0.10628531
1.62800000	0.10621918
1.62900000	0.10615303
1.63000000	0.10608688
1.63100000	0.10602071
1.63200000	0.10595454
1.63300000	0.10588837
1.63400000	0.10582218
1.63500000	0.10575599
1.63600000	0.10568979
1.63700000	0.10562359
1.63800000	0.10555738
1.63900000	0.10549116
1.64000000	0.10542493
1.64100000	0.10535870
1.64200000	0.10529247
1.64300000	0.10522622
1.64400000	0.10515998
1.64500000	0.10509372
1.64600000	0.10502746
1.64700000	0.10496120
1.64800000	0.10489493
1.64900000	0.10482865
1.65000000	0.10476237
1.65100000	0.10469609
1.65200000	0.10462980
1.65300000	0.10456351
1.65400000	0.10449721
1.65500000	0.10443091
1.65600000	0.10436460
1.65700000	0.10429829
1.65800000	0.10423198
1.65900000	0.10416566
1.66000000	0.10409934
1.66100000	0.10403302
1.66200000	0.10396669
1.66300000	0.10390036
1.66400000	0.10383403
1.66500000	0.10376769
1.66600000	0.10370136
1.66700000	0.10363501
1.66800000	0.10356867
1.66900000	0.10350233
1.67000000	0.10343598
1.67100000	0.10336963
1.67200000	0.10330328
1.67300000	0.10323693
1.67400000	0.10317058
1.67500000	0.10310422
1.67600000	0.10303787
1.67700000	0.10297151
1.67800000	0.10290515
1.67900000	0.10283879
1.68000000	0.10277244
1.68100000	0.10270608
1.68200000	0.10263972
1.68300000	0.10257336
1.68400000	0.10250700
1.68500000	0.10244064
1.68600000	0.10237428
1.68700000	0.10230792
1.68800000	0.10224156
1.68900000	0.10217520
1.69000000	0.10210884
1.69100000	0.10204248
1.69200000	0.10197613
1.69300000	0.10190977
1.69400000	0.10184342
1.69500000	0.10177706
1.69600000	0.10171071
1.69700000	0.10164436
1.69800000	0.10157802
1.69900000	0.10151167
1.70000000	0.10144533
1.70100000	0.10137898
1.70200000	0.10131264
1.70300000	0.10124631
1.70400000	0.10117997
1.70500000	0.10111364
1.70600000	0.10104731
1.70700000	0.10098098
1.70800000	0.10091466
1.70900000	0.10084834
1.71000000	0.10078202
1.71100000	0.10071570
1.71200000	0.10064939
1.71300000	0.10058309
1.71400000	0.10051678
1.71500000	0.10045048
1.71600000	0.10038419
1.71700000	0.10031790
1.71800000	0.10025161
1.71900000	0.10018532
1.72000000	0.10011905
1.72100000	0.10005277
1.72200000	0.09998650
1.72300000	0.09992024
1.72400000	0.09985398
1.72500000	0.09978772
1.72600000	0.09972147
1.72700000	0.09965523
1.72800000	0.09958899
1.72900000	0.09952275
1.73000000	0.09945652
1.73100000	0.09939030
1.73200000	0.09932408
1.73300000	0.09925787
1.73400000	0.09919167
1.73500000	0.09912547
1.73600000	0.09905928
1.73700000	0.09899309
1.73800000	0.09892691
1.73900000	0.09886074
1.74000000	0.09879457
1.74100000	0.09872841
1.74200000	0.09866226
1.74300000	0.09859611
1.74400000	0.09852997
1.74500000	0.09846384
1.74600000	0.09839772
1.74700000	0.09833160
1.74800000	0.09826549
1.74900000	0.09819939
1.75000000	0.09813329
1.75100000	0.09806721
1.75200000	0.09800113
1.75300000	0.09793506
1.75400000	0.09786900
1.75500000	0.09780295
1.75600000	0.09773690
1.75700000	0.09767087
1.75800000	0.09760484
1.75900000	0.09753882
1.76000000	0.09747281
1.76100000	0.09740681
1.76200000	0.09734082
1.76300000	0.09727483
1.76400000	0.09720886
1.76500000	0.09714290
1.76600000	0.09707694
1.76700000	0.09701099
1.76800000	0.09694506
1.76900000	0.09687913
1.77000000	0.09681322
1.77100000	0.09674731
1.77200000	0.09668142
1.77300000	0.09661553
1.77400000	0.09654965
1.77500000	0.09648379
1.77600000	0.09641793
1.77700000	0.09635209
1.77800000	0.09628626
1.77900000	0.09622043
1.78000000	0.09615462
1.78100000	0.09608882
1.78200000	0.09602303
1.78300000	0.09595725
1.78400000	0.09589148
1.78500000	0.09582573
1.78600000	0.09575998
1.78700000	0.09569425
1.78800000	0.09562853
1.78900000	0.09556282
1.79000000	0.09549712
1.79100000	0.09543143
1.79200000	0.09536576
1.79300000	0.09530009
1.79400000	0.09523444
1.79500000	0.09516881
1.79600000	0.09510318
1.79700000	0.09503757
1.79800000	0.09497197
1.79900000	0.09490638
1.80000000	0.09484080
1.80100000	0.09477524
1.80200000	0.09470969
1.80300000	0.09464415
1.80400000	0.09457863
1.80500000	0.09451312
1.80600000	0.09444762
1.80700000	0.09438214
1.80800000	0.09431667
1.80900000	0.09425121
1.81000000	0.09418577
1.81100000	0.09412034
1.81200000	0.09405492
1.81300000	0.09398952
1.81400000	0.09392413
1.81500000	0.09385876
1.81600000	0.09379340
1.81700000	0.09372805
1.81800000	0.09366272
1.81900000	0.09359741
1.82000000	0.09353210
1.82100000	0.09346682
1.82200000	0.09340154
1.82300000	0.09333628
1.82400000	0.09327104
1.82500000	0.09320581
1.82600000	0.09314060
1.82700000	0.09307540
1.82800000	0.09301022
1.82900000	0.09294505
1.83000000	0.09287989
1.83100000	0.09281476
1.83200000	0.09274963
1.83300000	0.09268453
1.83400000	0.09261944
1.83500000	0.09255436
1.83600000	0.09248930
1.83700000	0.09242426
1.83800000	0.09235923
1.83900000	0.09229422
1.84000000	0.09222922
1.84100000	0.09216424
1.84200000	0.09209928
1.84300000	0.09203433
1.84400000	0.09196940
1.84500000	0.09190449
1.84600000	0.09183959
1.84700000	0.09177471
1.84800000	0.09170985
1.84900000	0.09164500
1.85000000	0.09158017
1.85100000	0.09151535
1.85200000	0.09145056
1.85300000	0.09138578
1.85400000	0.09132102
1.85500000	0.09125627
1.85600000	0.09119154
1.85700000	0.09112683
1.85800000	0.09106214
1.85900000	0.09099747
1.86000000	0.09093281
1.86100000	0.09086817
1.86200000	0.09080355
1.86300000	0.09073894
1.86400000	0.09067436
1.86500000	0.09060979
1.86600000	0.09054524
1.86700000	0.09048071
1.86800000	0.09041619
1.86900000	0.09035170
1.87000000	0.09028722
1.87100000	0.09022276
1.87200000	0.09015832
1.87300000	0.09009390
1.87400000	0.09002950
1.87500000	0.08996511
1.87600000	0.08990075
1.87700000	0.08983640
1.87800000	0.08977207
1.87900000	0.08970776
1.88000000	0.08964347
1.88100000	0.08957920
1.88200000	0.08951495
1.88300000	0.08945072
1.88400000	0.08938650
1.88500000	0.08932231
1.88600000	0.08925814
1.88700000	0.08919398
1.88800000	0.08912985
1.88900000	0.08906573
1.89000000	0.08900164
1.89100000	0.08893756
1.89200000	0.08887350
1.89300000	0.08880947
1.89400000	0.08874545
1.89500000	0.08868146
1.89600000	0.08861748
1.89700000	0.08855352
1.89800000	0.08848959
1.89900000	0.08842567
1.90000000	0.08836178
1.90100000	0.08829790
1.90200000	0.08823405
1.90300000	0.08817021
1.90400000	0.08810640
1.90500000	0.08804261
1.90600000	0.08797884
1.90700000	0.08791509
1.90800000	0.08785136
1.90900000	0.08778765
1.91000000	0.08772396
1.91100000	0.08766029
1.91200000	0.08759665
1.91300000	0.08753302
1.91400000	0.08746942
1.91500000	0.08740584
1.91600000	0.08734228
1.91700000	0.08727874
1.91800000	0.08721522
1.91900000	0.08715172
1.92000000	0.08708825
1.92100000	0.08702479
1.92200000	0.08696136
1.92300000	0.08689795
1.92400000	0.08683457
1.92500000	0.08677120
1.92600000	0.08670785
1.92700000	0.08664453
1.92800000	0.08658123
1.92900000	0.08651795
1.93000000	0.08645470
1.93100000	0.08639147
1.93200000	0.08632825
1.93300000	0.08626506
1.93400000	0.08620190
1.93500000	0.08613875
1.93600000	0.08607563
1.93700000	0.08601253
1.93800000	0.08594946
1.93900000	0.08588640
1.94000000	0.08582337
1.94100000	0.08576036
1.94200000	0.08569738
1.94300000	0.08563441
1.94400000	0.08557147
1.94500000	0.08550856
1.94600000	0.08544566
1.94700000	0.08538279
1.94800000	0.08531995
1.94900000	0.08525712
1.95000000	0.08519432
1.95100000	0.08513154
1.95200000	0.08506879
1.95300000	0.08500606
1.95400000	0.08494335
1.95500000	0.08488066
1.95600000	0.08481800
1.95700000	0.08475537
1.95800000	0.08469275
1.95900000	0.08463016
1.96000000	0.08456760
1.96100000	0.08450506
1.96200000	0.08444254
1.96300000	0.08438004
1.96400000	0.08431757
1.96500000	0.08425513
1.96600000	0.08419271
1.96700000	0.08413031
1.96800000	0.08406793
1.96900000	0.08400558
1.97000000	0.08394326
1.97100000	0.08388096
1.97200000	0.08381868
1.97300000	0.08375643
1.97400000	0.08369420
1.97500000	0.08363200
1.97600000	0.08356982
1.97700000	0.08350766
1.97800000	0.08344553
1.97900000	0.08338343
1.98000000	0.08332135
1.98100000	0.08325929
1.98200000	0.08319726
1.98300000	0.08313525
1.98400000	0.08307327
1.98500000	0.08301132
1.98600000	0.08294939
1.98700000	0.08288748
1.98800000	0.08282560
1.98900000	0.08276374
1.99000000	0.08270191
1.99100000	0.08264011
1.99200000	0.08257833
1.99300000	0.08251657
1.99400000	0.08245484
1.99500000	0.08239314
1.99600000	0.08233146
1.99700000	0.08226981
1.99800000	0.08220818
1.99900000	0.08214658
2.00000000	0.08208500
